1 10
100 200
201 210
900 1000
608642 611055
72570 104976
997905 998614
642683 644997
991992 993191
878627 882483
920140 920333
29484 91587
60620 113294
912856 914653
984650 984903
62075 90370
84498 106217
777617 779593
56666 84239
994259 994989
7554 50664
962413 962616
26669 111688
44386 49370
30179 79344
228460 231057
52822 88162
690743 691791
999590 999592
51851 101371
857003 858001
93644 105936
102696 111835
76946 82518
122060 134185
999660 999777
197222 199117
996328 996821
57007 88115
64755 104278
670150 673297
22052 44584
762169 763121
797282 798200
992904 996434
999529 999967
984730 989942
48265 103269
889913 894043
993303 996316
598230 600037
66144 91920
987701 991467
100110 108351
985003 989778
526603 528807
758531 762148
990638 991068
4222 101272
992382 992743
682034 683021
996511 996903
986722 988538
328288 334968
993429 995231
993807 995112
874658 880239
992190 996719
993440 994423
743348 743745
296238 300758
34830 95290
992259 994200
28235 37295
980148 980337
987874 988089
994282 996692
44758 105024
468048 468596
127543 134182
999451 999495
727957 728779
454374 456985
992487 996980
311698 313740
579329 579907
986898 987278
185322 185968
2661 58933
999431 999801
62949 74807
892510 895656
62453 63473
741317 741792
625989 626029
66185 108974
449021 449296
790725 791482
598247 602406
899083 901060
37177 104797
731450 731993
676860 677400
143737 145338
30606 80077
47821 112294
71858 110448
920742 921023
396460 402350
981165 981222
830726 833565
32044 105840
999414 999456
986356 990057
852594 853889
60290 112973
987026 989011
994506 995272
988647 991019
967473 968249
17654 91074
347754 356346
373083 375850
985937 987486
670117 678064
71032 82285
977023 978842
18395 66338
993877 995519
974657 974732
37503 76007
499395 501591
766021 767308
790104 794420
88884 100772
597973 600379
964218 966621
984012 984426
64917 112380
52523 94413
42940 66539
995804 996377
16981 35504
964163 966225
989542 989777
995418 996355
984909 988449
741056 742817
11497 52207
35469 41472
976581 977897
770498 773603
90771 96499
3578 108935
941504 942619
881242 881371
410559 414285
12822 61523
84987 110844
992946 994763
273489 274880
921306 923080
953049 954099
987430 989029
987866 989558
856981 857489
801452 803724
13203 17655
61044 79128
777973 778711
881865 882103
986310 990442
45881 71766
538950 539078
970657 970915
48032 58407
968887 969197
328997 338665
992100 992610
59153 88382
999012 999054
504947 508625
992304 994640
877421 879208
182889 182935
993779 995298
993460 995472
708121 710265
991357 991762
738325 745393
32824 80511
999847 999852
988202 988730
998426 999069
342659 353733
995506 996266
691333 693675
494642 495262
284641 286266
896625 899863
992309 992389
396004 400596
122743 125840
940521 940834
473875 475035
39708 76376
998539 998843
276766 279821
125968 126661
985945 986232
37896 86547
987776 988341
987002 989556
998355 998870
992596 995890
888807 889252
19526 87021
891800 894751
983151 983452
460174 462157
13457 39940
974552 974573
327277 332329
69372 94542
993174 994288
605363 606394
54200 100642
555403 557618
999814 999945
986680 989978
593922 601381
965266 965727
905018 905889
992280 995271
81945 102018
28141 102092
907935 908893
884653 885258
988550 989810
995991 996387
879744 882642
879856 881980
901778 902823
468127 473377
704885 710528
986547 991202
992397 993871